%YAML:1.0
---
K: !!opencv-matrix
   rows: 3
   cols: 3
   dt: d
   data: [ 5.8958342929420849e+02, 0., 3.2766527652528526e+02, 0.,
       5.8998168150632705e+02, 1.7774300805311026e+02, 0., 0., 1. ]
D: !!opencv-matrix
   rows: 1
   cols: 5
   dt: d
   data: [ -3.3861922935418086e-02, 8.0109971733857543e-01,
       -4.7126432853022504e-03, 1.5311094511010245e-03,
       -2.1333544237739281e+00 ]
