%YAML:1.0
---
K: !!opencv-matrix
   rows: 3
   cols: 3
   dt: d
   data: [ 3.1882289654889280e+02, 0., 3.3862757271178180e+02, 0.,
       3.2040369597118081e+02, 2.3631111998625261e+02, 0., 0., 1. ]
D: !!opencv-matrix
   rows: 1
   cols: 5
   dt: d
   data: [ -2.2543791727692569e-01, 7.7511708805832163e-02,
       -3.3933806083594707e-04, -2.2438639429567006e-03,
       -1.2816271522391781e-02 ]
