%YAML:1.0
---
K: !!opencv-matrix
   rows: 3
   cols: 3
   dt: d
   data: [ 5.6219340425478924e+02, 0., 3.4447032394152950e+02, 0.,
       5.6276698426639632e+02, 1.9173795575174512e+02, 0., 0., 1. ]
D: !!opencv-matrix
   rows: 1
   cols: 5
   dt: d
   data: [ -9.9485788644946810e-02, 5.7991332959646968e-01,
       8.5411981046809617e-03, 9.3783449875639961e-03,
       -1.1275690237699587e+00 ]
